.Random.seed <-
c(403L, 10L, 1001395042L, 826809812L, 2141329623L, -216864051L, 
-1955382684L, 57339978L, 977548725L, 2011191567L, 1561593366L, 
-895631168L, -1953180029L, -1286696287L, -1221938032L, 1140842350L, 
-1455179495L, 1626462635L, -2116765798L, -468736164L, 54294111L, 
-1015904715L, 446047692L, -224156382L, 1126338429L, 649143415L, 
-1150543458L, -84438952L, 1982434747L, -787635367L, 565694696L, 
1749938454L, -309554543L, -477962429L, -1848460718L, 1209715940L, 
176412455L, 844911485L, 1085154932L, 332273754L, 2083119269L, 
659538623L, 169285958L, 1483485136L, 104114675L, 1016743185L, 
-1254432448L, 147345694L, 1113253353L, 1321461531L, -257879766L, 
966036044L, -1312860657L, -2119321275L, -900029700L, 2054314322L, 
-997232947L, -1780332921L, -2034413202L, -1728402616L, -428937397L, 
-225528151L, 896895992L, -198528218L, -2134707135L, 1123882451L, 
183637890L, 1755798452L, 1299624759L, 450646573L, -279948476L, 
912144490L, -36511019L, -1784963985L, -1224174218L, -1087103328L, 
1021090659L, 1234726913L, 135830384L, 2043925262L, -537088647L, 
-577992437L, 23099962L, -227135172L, 722574975L, 1178469845L, 
1979546604L, 545160514L, -2006318435L, 2003414807L, -1011691906L, 
559083064L, 1790957851L, 1573944953L, 1603287752L, 2009361142L, 
-868883663L, -1484180637L, -857601742L, -1522369916L, -1047537977L, 
1959599517L, -1218905836L, 1437931450L, 139575813L, 1691554783L, 
-1303516570L, 397862384L, 1836688147L, -1974924111L, 1303351136L, 
269552894L, 172985481L, -140072005L, -1131543158L, 786629740L, 
933535215L, 1678808613L, -727403812L, -565614414L, -772068435L, 
15298407L, 1296383118L, -1664042648L, 1719331179L, 1629285129L, 
873217432L, 835857606L, 1373353505L, 1827772083L, -1083786206L, 
146327060L, 1062451863L, 22705293L, 81328548L, -1818238070L, 
53235701L, 1119174223L, -1073591978L, 1724445696L, 905674051L, 
896397537L, 692488784L, -1553025362L, 440468057L, 1008085611L, 
-669540390L, 1573839004L, -2058710369L, -123715339L, -715110004L, 
-121248670L, -944167875L, -1933883721L, -1353751202L, -1325912936L, 
-1562806277L, 1047608729L, 641809960L, 1816446678L, -1522134191L, 
-2102315517L, 871922066L, -541292764L, 1816979943L, -1702738371L, 
405565620L, -747575526L, 1579207781L, 187352319L, -1981831802L, 
-1446094064L, 800923571L, 198157393L, -1905604608L, -728934178L, 
1096356649L, -1500442917L, 1382391274L, -1943116404L, 120175311L, 
-1948973435L, -762829508L, 1409017874L, -1041578227L, -1866849209L, 
-1406335442L, 1714220936L, -1214666101L, 1707949161L, -1427857352L, 
-1310496538L, -1384017791L, 1881483283L, -1110556734L, -638465932L, 
789356151L, -2139488403L, 1378779140L, 636582698L, -919543659L, 
-397582545L, 210232886L, -1455209888L, -572342109L, -179252287L, 
-237232208L, 1592289998L, -1873192903L, 1431526987L, 798581754L, 
650612476L, -1816214721L, 1030654997L, 576349996L, -1002615806L, 
1432776413L, 1773485527L, -1619158850L, 948161272L, -1717677861L, 
343364409L, -740649336L, -2064850378L, -1108755855L, -232079197L, 
483428850L, -590059196L, 216449543L, -1988914192L, 574554180L, 
-422030248L, -1675212742L, 1310687344L, 1478396476L, -2085057772L, 
558554818L, -748839200L, -1661139844L, 1219195088L, -746576990L, 
463594024L, 809868556L, 329460668L, 1307544882L, 418546880L, 
-511885772L, -1648105784L, -1901883718L, -167999344L, -1757975828L, 
-1397759404L, 903866002L, 1343757088L, -809706548L, -1533594400L, 
-104301886L, -1264041944L, 1393042348L, 567481020L, -691806734L, 
1010380336L, 258295716L, -704666184L, 1774258010L, -137377648L, 
1907024764L, -1008379116L, 743407938L, -2051480832L, 1966483388L, 
-187817136L, 83356962L, 96409160L, 1918347276L, -1853880228L, 
945705426L, 485831168L, 990902612L, 115115240L, -1013007110L, 
213343952L, 1174938924L, 1063373044L, -307049070L, 1695650144L, 
-658452468L, 1564309216L, -16700830L, -272832856L, -870021556L, 
139158396L, 967370034L, -1038813584L, 1870957380L, -1908112424L, 
592957306L, 1064929840L, 496298940L, 383373908L, -282426302L, 
2016903328L, -36816196L, -1617658416L, 1238189922L, -564114712L, 
1256576204L, 245304828L, -530073102L, -1348266368L, -694151692L, 
-164056440L, 641638202L, -1346568368L, 768998508L, 946959764L, 
1522189394L, 1086200288L, 1465150668L, -379180896L, 1184336258L, 
-1095968536L, 1255709420L, 223003964L, -1497906062L, 1021447280L, 
-410151900L, 650596408L, 646341402L, 339240144L, 694620988L, 
-206102636L, 1696208770L, 214658496L, 177992252L, -882083440L, 
-1189588446L, -1943139064L, 1077502604L, -1087830244L, -1623955310L, 
287238528L, 426617364L, -2076581080L, 664100410L, 684052944L, 
-149244564L, 1891199924L, 334105618L, -1653270048L, -1957962804L, 
-1855584032L, 514195490L, -590475992L, 432811532L, -534414532L, 
1668908018L, 1210081008L, 676799044L, -715461032L, 343049018L, 
-473308688L, -1556517188L, -1377555180L, 14759618L, 1934489696L, 
1360402300L, -562644016L, 121892130L, -1803712856L, -1186096244L, 
-404853572L, 506873650L, 666974784L, 1644163252L, 1560402504L, 
-676409926L, 894161424L, -849709332L, 1131808084L, -2141768430L, 
949692832L, -350406964L, 1760665184L, 1891978178L, -1716917464L, 
16362412L, 603422524L, -166953614L, -919867600L, -1571605212L, 
-1010838728L, -839758118L, -1087038576L, -1425765636L, -878783596L, 
796188738L, 455676160L, -1388979140L, -1128147632L, 1215877282L, 
682198344L, -77653236L, -1527620900L, -89054894L, -590075776L, 
-435737516L, -1148644376L, -2127303430L, 349286224L, 2101442348L, 
472374644L, -702496878L, 1252535392L, 165889420L, 1348485984L, 
1741530594L, 138285992L, -1522247476L, 66360316L, 1968157106L, 
1024310768L, -1245012028L, -257095336L, -1810543238L, -653592656L, 
1050074556L, 1278497876L, -1111619646L, -574592992L, -2060697412L, 
1040975440L, -1578518558L, 1316575336L, 453630028L, 387933436L, 
458053618L, -1462436608L, 1210373492L, 965230600L, 1479824314L, 
-1652369968L, -1561571348L, -1158683244L, 413983186L, 999512416L, 
1321524044L, 1679143200L, 1830553474L, 136937192L, -1150572308L, 
1813973052L, -1372504206L, -337490320L, -387269596L, -915878088L, 
-1541840713L, -76424640L, -797678818L, 953297387L, 1157637485L, 
-1446999078L, -811737704L, -1919613951L, -1532856909L, 130030804L, 
777390562L, 467338359L, 1845762497L, -153902266L, 1047031428L, 
-1754957771L, 709158943L, 1947078520L, -607312298L, 228424419L, 
-1232421723L, 1958520130L, -1533496528L, -1744496807L, 1792589003L, 
1779174716L, -945911446L, 1781924767L, -302694871L, -2025561922L, 
1974811052L, 1054549757L, 1435492935L, -1437126352L, -1466844594L, 
-670260613L, -1977564707L, -1382938614L, -68167384L, -570136687L, 
-1544558205L, -2055108988L, -2027965262L, -426753017L, 1408962641L, 
-440516650L, -775090508L, -861491515L, 1370529807L, -1725370232L, 
205738406L, 1874250067L, 1980562101L, -352301038L, 200122848L, 
710956105L, 350028411L, 1454197580L, 401080026L, 875401935L, 
-871894375L, 606772910L, 1230388156L, -1704885203L, -192361513L, 
-781589984L, -157424770L, -1962955445L, 1360269133L, -2040240774L, 
1825789880L, 1057230177L, 113066259L, 1180743988L, -56724670L, 
-258415785L, -404462943L, -20606106L, 2068557156L, 829118613L, 
-621323841L, 1147145560L, -1098321034L, -1790275197L, -1236610107L, 
-2111371038L, 2017668432L, -1943700359L, 820318123L, -1593740004L, 
-238845366L, -1898019265L, -1720968567L, -1303658850L, 697998156L, 
1369979677L, 461720231L, 765886928L, 1860086126L, -1203579877L, 
1990163837L, -442107030L, -509182456L, -949046607L, 162299171L, 
-1277931996L, -901864238L, 29975847L, -1562611855L, -794808906L, 
-320400044L, 1661375461L, 3165679L, -2058922712L, -296360570L, 
-988036685L, 49552661L, 1880751986L, 1454132160L, -1192862679L, 
-1286788965L, 482260332L, -1787744902L, -559587665L, -1959492167L, 
-170186802L, -3258596L, -2013399411L, 1027847927L, -896550400L, 
-1258224546L, -201816277L, -982637523L, 1165194394L, -605079464L, 
-173445183L, 1459224691L, -874301036L, -282150878L, -1578422473L, 
-664325631L, 1635609350L, -226805948L, -1875850635L, 182561759L, 
-1527779528L, 1929312534L, 165635363L, 1328633573L, 92483330L, 
